<?xml version="1.0"?>
<opencv_storage>
<homography type_id="opencv-matrix">
  <rows>3</rows>
  <cols>3</cols>
  <dt>d</dt>
  <data>
    -1.1471016522267353e-04 -5.8121524112008764e-03
    1.0995363523822224e+01 -1.7849621411194345e-02
    4.8306539455361510e-03 5.9713326850206894e+00
    -5.9331331152653149e-05 1.5987260324400173e-02
    -7.5111083956009850e-03
  </data>
</homography>
</opencv_storage>
