<?xml version="1.0"?>
<opencv_storage>
<homography type_id="opencv-matrix">
  <rows>3</rows>
  <cols>3</cols>
  <dt>d</dt>
  <data>
     3.0601971245673177e+01 -5.6313799083874272e+01 2.8140893909699081e+01
     1.5648653353516409e-01 -2.0931769623596841e-01 6.2669941228719608e+01
     9.1349401826032545e-02 -6.9814440727504847e-04 3.3420931997023492e-02
  </data>
</homography>
</opencv_storage>
