<?xml version="1.0"?>
<opencv_storage>
<homography type_id="opencv-matrix">
  <rows>3</rows>
  <cols>3</cols>
  <dt>d</dt>
  <data>
    1.7930842526761626e-01 3.2996366650707598e-01
       -5.6329804716112370e+01 9.1691328243260215e-04
       1.2264708763826280e-03 6.2355964684365652e+01
       5.3525040132440939e-04 4.0906898863772393e-06
       3.2373715386110918e-02
  </data>
</homography>
</opencv_storage>



