<?xml version="1.0"?>
<opencv_storage>
<homography type_id="opencv-matrix">
  <rows>3</rows>
  <cols>3</cols>
  <dt>d</dt>
  <data>
-1.9577201531336283e-02 -9.9194067817828280e-01
       1.8765420413989930e+03 3.0311465667354200e+00
       3.2683070363416080e+00 -1.0210302886594708e+03
       -5.9331331152653156e-05 1.5987260324400173e-02
       -7.5111083956009902e-03
  </data>
</homography>
</opencv_storage>



