<?xml version="1.0"?>
<opencv_storage>
<homography type_id="opencv-matrix">
  <rows>3</rows>
  <cols>3</cols>
  <dt>d</dt>
  <data>
    4.1564408365612377e+02 7.9099284874719697e+03
    -9.8174384948428014e+03 5.4726360567942756e+01
    7.8560404887767290e+03 -5.7353282777637714e+03
    6.0525387474374526e-01 7.9094938999368992e+01 1.</data></homography>
</opencv_storage>
