%YAML:1.0
---
world2cam: !!opencv-matrix
   rows: 3
   cols: 3
   dt: d
   data: [ 3.0601971245673177e+01, -5.6313799083874272e+01,
       2.8140893909699081e+01, 1.5648653353516409e-01,
       -2.0931769623596841e-01, 6.2669941228719608e+01,
       9.1349401826032545e-02, -6.9814440727504847e-04,
       3.3420931997023492e-02 ]
cam2world: !!opencv-matrix
   rows: 3
   cols: 3
   dt: d
   data: [ -1.1471016522267353e-04, -5.8121524112008764e-03,
       1.0995363523822224e+01, -1.7849621411194345e-02,
       4.8306539455361510e-03, 5.9713326850206894e+00,
       -5.9331331152653149e-05, 1.5987260324400173e-02,
       -7.5111083956009850e-03 ]
world2cam_scaled: !!opencv-matrix
   rows: 3
   cols: 3
   dt: d
   data: [ 1.7930842526761626e-01, 3.2996366650707598e-01,
       -5.6329804716112370e+01, 9.1691328243260215e-04,
       1.2264708763826280e-03, 6.2355964684365652e+01,
       5.3525040132440939e-04, 4.0906898863772393e-06,
       3.2373715386110918e-02 ]
cam2world_scaled: !!opencv-matrix
   rows: 3
   cols: 3
   dt: d
   data: [ -1.9577201531336283e-02, -9.9194067817828280e-01,
       1.8765420413989930e+03, 3.0311465667354200e+00,
       3.2683070363416080e+00, -1.0210302886594708e+03,
       -5.9331331152653156e-05, 1.5987260324400173e-02,
       -7.5111083956009902e-03 ]
