image: map3.pgm
resolution: 0.050000
origin: [-3.207072, -6.849959, 0.000000]
negate: 0
occupied_thresh: 0.65
free_thresh: 0.196

